4
5
1
0.000000000
1.000000000
0.000000000
1.000000000
0 0 -1.851003688
0 1 -0.550006445
0 2 1.251754429
0 3 0.518804617
0 4 -0.989031978
1 0 -2.047758541
1 1 2.762199974
1 2 -2.415086921
1 3 -2.384663783
1 4 -1.847782267
2 0 -3.132932484
2 1 -3.425066471
2 2 3.833777755
2 3 -2.904327664
2 4 -2.066048400
3 0 -2.310419807
3 1 -4.193479202
3 2 0.307256439
3 3 3.972380761
3 4 1.857157067
0 -0.922792960
1 -1.111738987
2 3.605235001
3 1.651191122
4 -0.006303668
0 0 2.499899867
1 0 -5.157696604
2 0 -4.403547486
3 0 -2.164792179
4 0 -0.566958724
0 -3.267948876
0 0.452671553
